1794922746 3201739940
1230533929 3304625384
2294585229 125180369
2871963883 1930857474
418203542 4286952685
4048773825 711578212
2419344243 1199631442
586589739 516064206
980692061 1080444419
2677547920 3870433135
1867086229 3045909610
3828581831 1188286148
2982835057 1981720682
804255047 1904630633
4131926070 673767348
1697513761 3119576135
892784928 2182018989
412801425 3315392426
3599712500 3257063726
906139080 4030761347
1151712754 1286228935
3438657658 385520473
3132341231 1260828033
528489408 3076275806
3974033169 3341641051
182766119 800185268
3561192610 1857603640
3691335686 2648762633
3790217431 1984313977
2921797012 1942941856
2544424904 2459937
2683476968 1202100211
283289750 3531349096
688497439 4003391825
352120478 1679653335
403788526 2697691530
2193043120 4059116559
631642728 2418556285
1050595794 2519794387
3988466150 1632322498
3126550827 202358494
138429146 3176630490
139090931 25141815
3388881618 328348310
3197258308 3621922076
806432253 3593937640
1347314285 3757060727
3705841343 2564904969
3449277654 3786106510
165926496 737759599
2547559981 1013277220
773430692 1873125376
2374792965 1277167153
3833580596 392562377
1007733511 118725827
2016762557 1497140913
1298458662 519124309
1467755925 4277600650
2594411836 1950477330
1845053384 4073712992
2011017586 561326062
175950770 2157184239
3478119036 3024853739
2367138825 1766131723
1926209093 3471225241
2409138906 3316221871
1015579803 253257453
1273680442 4259358094
826119139 2146498319
1471119540 1879801031
2944138530 1144847801
1418343640 3657994520
1041296135 4209190815
3680583539 3685474204
3587954546 2414186888
2323267228 2372144039
384357287 262247544
3136539820 2651977481
2975650389 3080963703
2124018143 4045807917
4276214184 3659441113
17985798 563595552
876440409 4114580841
1532059931 645973403
1766906116 1402757231
785389670 1677485391
2311245830 3973123225
637068177 3925312604
3261680221 2847521078
1678860880 1254266667
2576651587 3825511942
2009889819 1688228144
547621473 4183455601
3041681499 2934845955
1033777682 3630648062
3570581257 1764781264
2716611635 151771558
722117058 221184999
2796050195 3922611438
2221664634 832694706
2060782670 1300309127
988400873 2938641007
3263299962 1347573615
3193329839 4083743337
1755298401 2643798379
3804365383 1955592783
1888999717 1286198155
4124866904 1176783381
955118241 1670209086
3333710359 679452664
3980673586 2005953610
3346506078 9130317
2222765997 1959929930
1335955488 1440968210
1840484514 1905667189
911717529 4148053729
1690751208 658960762
981940835 2787323872
3299987543 3274682783
2212773440 2924243247
2240123177 2747661303
2620210761 1542325253
1608043367 2028937750
2391970842 1350284445
394358701 2182055138
573043697 4127774230
1041228217 3780901627
1133419599 1424704474
2085637987 3729489976
3759114558 2734812842
20137449 3500713294
4115335386 1670379023
4146353633 1474608884
3529890094 1274611774
3990448784 3726770082
887887072 2281974130
1703526076 2817418747
78340275 751519624
3042238883 1066204960
2428141534 3862789057
3784513027 2850044577
2873040398 4026712444
1292191894 547757853
2463718927 1240888659
3250380690 2780870421
424568885 2900703902
240482958 1191864912
478073030 1445403102
3983018344 2638241809
193184976 1914774211
2065237549 2999933211
108504228 2128016224
1133404589 2934359283
314457330 165650829
1476843311 1663297737
1581709465 2326026499
4110094729 2551405046
1627641939 3234006618
198940842 1045120911
1037503388 3609273230
8325451 1135613600
282319947 3182846414
3663386216 483595504
3038328591 812179131
2229633906 3632225164
1623153905 299648589
2081434865 1794498112
822985850 1524168451
269688109 4108932303
3989867149 3463873528
2553742859 2957733988
3169415549 2111246100
2554846333 52962141
215766184 1287529857
2153821270 322250
803434395 2128983488
1539805441 424469722
4220791941 1454821270
35354138 71770913
2693246599 1024822827
477018591 2784677842
1314126245 672718227
2151220415 3049084255
3563262312 3258273288
3870967783 1410664935
3928102632 584279280
4257839005 2352659395
510295775 865408084
3287572066 1704843336
1335492752 1272671270
3547179257 2025112185
4200263071 711529367
3583558158 3968553004
2225003331 2348735147
404497492 2512035756
2248943801 1901090230
3570021700 3200630467
1100673793 2707031308
3059718442 3175951461
1999010735 2279350437
2828954613 1571981168
3825942989 4129185460
767290041 2608013973
3484809114 1828224126
2882308767 3586527029
2938994401 1054665564
839091345 2695188307
3696799136 2028987868
3553238203 522968718
2299480995 324947560
3517781936 3983677332
1290863246 3095765608
2292064730 4104122124
2044787568 3757474005
3842860967 1527869687
996031600 746209640
1418961248 646204913
2064777308 1822267668
2492740650 3321192426
3769162577 1513365731
3447659885 2056628242
3023669357 2801247577
1845351043 2385546525
2040412670 463136443
676120892 3066337794
3377187895 3415022803
2208855233 3374744649
44192432 3959795545
1688375735 2789655253
420847835 3254090074
1076351229 3121672234
2535563426 2003714061
1339270743 2906775516
3464817647 3960187038
2658577294 2759900963
986385237 2371221423
2786164286 2819309754
320494101 3656820085
2191253867 3582424308
2608048625 3567427252
107935206 1791491690
3494993390 1930190838
1651250535 682589700
2632861135 466930199
2309052713 3123616365
2161796241 4062774439
4177482696 52964880
133568098 2290897808
1106869931 2836378470
937977718 2940570884
1219058752 3683758741
598659895 3418191653
3967133595 3033489431
244968425 3966326444
1286664500 1492337369
1944343673 2010484926
2094272937 1135536738
3951492886 2337457943
632472050 2232551790
1093425669 3588579349
3655313442 1799782777
2890426300 2183959407
2628293366 1046045113
4134045772 2548717538
157048287 3622628376
3171489059 3751153230
2501588801 1154245190
2586668494 3779934238
1857050966 875224550
3441096159 1405834557
3902243775 2821405476
1608360390 2509478958
3016729830 3277836751
3789836948 2879634578
2019659266 4072587221
269224024 1814602866
1859524742 2510659451
3481662397 4186273105
418377105 2548056117
4290197218 3710171266
4215624468 1922986095
167409897 3224135692
3063741748 3872314351
3017978957 761773225
3822183317 1762656439
2074150775 3699886634
3370027615 3712278511
860932496 91750156
803599059 1108992299
1924018849 1866450416
1456688116 1947507811
3258820748 3433790562
3095399095 1074849423
329292893 3333183731
3813047432 1703041710
3547264744 3593903683
3128791237 1797338380
2892692677 1468790117
1603171034 2729030912
1698666597 3254749012
634859415 3410183154
3541776836 813402699
1762765729 2475108651
947637948 4279362828
3298215376 3912767856
3811272288 46948558
2151555184 1270388559
112379909 1890639724
2690703827 2776710581
862111591 1573410681
475840700 149943822
2601095043 3072785439
1427878840 159735792
4239617180 3186044028
151068506 2367835102
2430574247 728455122
1057872453 1654912725
3675575601 3901325689
3421157176 2392281357
1447230348 2500720955
4200473385 1687677347
1541369521 2787442979
1304673273 1464592350
2676186855 3600682100
544712547 3089152162
1952412378 2438391995
34698545 3197471582
2260104859 2797510717
3899719231 2832887747
2285415965 3062367175
685364020 346362588
377940253 3675893804
3540335145 1639838580
563755507 3226071304
992426970 1389416278
3638842136 2725631931
335769751 2855595162
3581323564 219438458
1611531067 614428744
1318962984 1970392162
2487253243 472805213
1797036350 3360079511
1005272163 3485748836
2756421560 3163800910
2858125453 597470306
4092747928 1119612308
620637330 2977772460
2892453136 2629470579
2135385181 2979534091
1365296222 1634901404
3201955368 250388836
2691311507 3976826897
2660939988 3536916147
3696581575 1031540627
1078421687 1971779981
948488876 2710911521
1332795014 2982806074
3822015403 524619622
3077339898 4068484210
3419065550 243107896
3092911805 3090186961
776082346 3675995318
614801051 1720463548
2533643240 1781797468
1482380668 2071189333
3382077294 1640196084
3568654154 221917200
1655075305 149569562
1815518101 3054771369
3975172578 931785468
2908961945 915021511
2004226430 2488646281
969309506 2762919666
3292980952 4063778438
2926863041 3187253308
341016085 773767843
1889431121 1549015966
3778871413 3871854437
1861826760 116779964
687202986 4204268148
388852364 1637005575
2683897489 1621101732
1736304609 783807488
3226396240 1183362608
2652931763 2416434725
4046485875 1762015007
328302724 4053194760
3992265912 2306509186
1005549312 4250047311
607641456 3306043640
2587785691 2800198297
395004969 3543563558
1421733826 3379549045
248989908 3020973677
3095380493 1840832148
3517483885 2883218959
1186546166 4122848313
3845028899 2681982309
3436883485 2152210609
1314475140 4238060525
2730286525 180910609
3117319014 4115439970
2532400658 2187866990
1303858329 830813708
392469669 1150130861
3229502146 3332896507
3100180238 1465954426
3099719908 1438005785
1317553309 3613243181
2055555440 583673141
4284840794 1743237654
378156545 1377153352
4026721177 2955933896
2500114033 1333136411
2385481684 1492400490
2622385694 448788201
1654245026 1316377476
1978133767 2372924718
2407295219 3867810262
2079540039 4187206047
4132277791 102051121
902236236 1931817276
4109949308 2911796500
3638424065 2755066999
3143485588 4219482931
1023916962 521770335
2017714057 1546869050
62726836 7712171
131243511 3841686534
4160519106 2528127257
2929315953 3872173138
2526078895 2399989284
1116970822 2324383190
2961720486 4293934533
2112228832 1566379015
4266627825 369797485
1768642415 1203346460
4259275750 437323566
1740452373 3230445753
3783911420 255137545
979540278 614055559
3897477172 239643687
1474638902 2669924636
3334754720 1304712742
3287790478 3353470559
2302823571 1602373755
1716144981 1803945552
3608803500 3257005757
1126985007 856366446
476129194 2474486515
1269483860 4027609482
1683847054 2535460876
998623845 2326592517
2245625535 2757679489
729523218 3124927604
2087894212 4256794377
1785094649 2831157814
4044833397 4205449653
4017767955 3175422416
1669322254 3386614403
54520083 958144343
3891574852 1648403199
1381072686 3939619937
3356316905 3947891306
954469315 2921434479
1261737186 14890589
125810385 2588802501
2856847872 4057816906
509845517 545152274
1856233232 2486089848
3506294384 219391841
3197517233 2413045118
3891283898 869365374
675609455 3325150424
3707298565 2095069801
1458232859 1923574526
1917536133 3509551301
2770054219 1765763349
1821079772 2251701466
4049985158 942672056
3296422906 882426138
988524008 703109986
1675762286 1162915872
3506234192 2767936201
909721448 3338072913
384695737 542867781
610741029 292936037
2732981895 1845849380
786322865 2677356765
2519346547 2158205273
2036652675 2553979310
1445919336 3662360271
151138839 3102558909
4056896416 2366984730
3721360193 1607724522
824374144 1143693392
3704094317 1287757322
1450609966 948015779
4035956328 630215920
477626130 3524982624
2309888536 2793333345
3316008084 1077096294
480800856 3090903479
1589552795 2055870410
283651671 1030322154
2499118588 2625001561
3605084535 1863235839
3021249496 3066136912
1931941952 3214855641
1328846104 4019120620
3871420852 166194594
3840157634 1332056018
1806948162 3258095472
2253438280 3569149206
3740237183 3185969374
3807995887 380475251
982487414 679032831
4213362256 165542722
2760625553 2900005361
2349580387 4256145273
1609521853 1492028447
1332057138 1379272348
2672481797 1048656936
3014817551 1091078268
836186886 2240315777
4283620548 3433429698
2138964364 961861823
2451014648 1657274316
1872918431 4126990143
2501143954 1327039685
1995534126 2970251648
456828677 3070983542
1150248908 1057664321
1525560187 3307949681
1574291722 2972057336
2438142342 1069389552
1479669538 2169403230
829101937 706236114
348574685 3980599999
2771903992 583785965
791470430 4025858592
945503162 2430152710
3237562203 3540805835
2917280232 2670140230
4016829820 791024674
1947019618 3779756080
3062913408 1000204314
1728204035 3072306506
3288347379 35963658
4065184945 3351203196
180873929 1011656732
2388169457 2695414957
2645300245 1129992828
2149963863 636765548
345666585 823620120
3631572762 541025312
3959159440 743052760
1053130673 1300232983
2940447250 2487898263
1303924198 395015439
498744845 286883243
3960565330 28546933
2825556103 1722982896
1649807765 2170044769
1257517223 830220064
618443503 3148540904
3304393193 3918805421
408098222 2478639149
2819862701 3773768920
1926812602 4210787345
1525383039 3410089991
1121884503 3887590147
3546575556 3873921150
978263764 3114879129
1424805813 1138477997
1547814181 642813357
1081196529 3583735548
2272858171 2351553403
1380483973 2016398535
3931520406 3130336661
2983195418 1306580202
2572738822 3623922215
396497394 410629630
3331487163 3811866240
4271864391 1649497023
367481934 875424398
3773030287 3525345820
2480304860 1522675665
2231208097 723498056
3303472063 2036960593
690650277 991161998
997640930 2702453784
3159536679 1794130159
3078575014 1735219903
46607520 1679719247
482456019 1102959168
1837107798 1741968092
2975089126 1165879181
2961446739 2762752841
2631479364 3740213650
1600322422 1785237099
1283270501 2384937647
838107006 2001107433
586355488 1776641270
3391732261 238881969
3381848789 849914514
3654506460 522036685
3612795117 3550428024
3748834080 3873484057
3779016854 932499245
1875882140 2214834598
646489719 3784761823
2455952467 682582380
311603496 1294281352
306559242 223952506
3048820576 972135991
1520722054 3922431123
1190092964 1614568150
1375015893 3475696342
1700602681 1121737938
1642177646 2650618300
2720921894 1221369326
1917889015 3784219223
1674478302 2768804595
1468941817 3263872713
537392328 1910787730
1271342278 4263645010
630568921 2663363425
2618575581 1877338130
9943952 1898131964
2634931903 1514083353
619992956 2253255478
801455548 624412559
835162294 3045995553
73873010 4218414195
1971524113 1050080333
3037715673 2049319884
2893199775 2599186003
3464683005 1331107550
799892041 1886206995
2845234813 1782426291
2178587889 515393499
3230500056 1398769503
2237438185 4279798
4239553443 4124131637
147760067 1247793016
3908971534 3801887423
946620210 3139538876
4072736906 3679071281
1366751892 3081820176
2764716872 2457752627
222738256 4068358537
3449642602 297377902
3156592860 2279998248
254708885 2419829566
2801632627 2351571362
583103154 1493935072
4162577885 732154513
2683726639 3609447332
3944964292 3423719080
3154434435 3473911620
733952130 272947738
3297515087 72562354
2420472299 3598490518
2968543935 2357544421
1327872802 1609950232
3306057174 485956709
4197542590 1535963187
4227450759 3356361384
737963850 3963735463
2665393227 3541612251
705490649 4244974102
3716784138 3436375330
2401214299 1107401715
1946575018 2047539392
722873780 3607372577
1805354558 1312884124
2961426079 226557182
2426651513 520982003
1096001807 1516642120
2778533425 4288449904
890115982 782049255
1864704657 1258836831
727273470 1766172365
2030785337 611970579
3278927856 3494606505
1198614330 561221778
604182312 3186708808
2543815984 2668113952
77777788 3218545002
2757159558 1230918201
550534762 2879126417
2483194612 3573111626
2671027837 185118519
3381204512 806490294
2997288368 3003950402
4065865262 2291370151
1315064754 3111596429
3056433311 155192794
705796262 2363794610
3428295178 2717777249
2981562456 3379278887
180924846 1598979129
1159768880 1056229420
3452714854 3960240004
1012474420 3969503900
883550658 3482977876
3609992667 4270272412
4054795016 2454153414
327726919 1140290280
2756299370 4113185777
653960649 2712557592
1207843461 110587988
2985228362 2465089803
975674121 2148091522
402145453 2120943663
3864099307 3522463694
4115428596 4104597721
3079564290 3388847268
3337521267 2282071351
3203395660 2200210008
1838859258 254109949
1927840800 336843980
2862214089 156293113
3519995508 808375116
2529482528 2424487684
3004269992 86811721
2508944640 1286411771
3966730875 925032240
4075027081 50556785
2559319545 2313826680
2661591812 1187262174
270394945 2334881658
1979371497 507279864
1760118603 866740117
2762346696 1753410725
253201230 747623359
965800157 581478774
3352379469 454822571
2803537214 2713986511
358649432 2808933425
1192767442 379098398
4061298079 2573303275
1533387806 1201723242
1776776789 2329746493
2448076553 2878227691
1972865551 3121396852
2488673961 1842131594
2816854312 433857295
1047742824 833590412
2410535459 4210796146
4174944503 854147248
2735947359 2431425867
3842537051 1553629008
2680163568 1454688362
1746761747 3699687074
979987016 1350699582
3043647224 695479097
749477946 3785716453
99960705 340599257
3056702218 2117102202
666822285 3008665777
2053388214 3127309148
146882030 3332290006
728058283 305620577
2065679898 1613153835
1216501330 3774970489
978012592 2584628333
3060253612 980894720
1495525039 3846745333
908097132 288664767
3109449311 1005470663
2544755206 4182296705
1128266002 2547212131
695923955 827383938
2548087464 1267351291
2164546901 2990390242
43289822 824675715
2950591768 2940060261
2367720572 439327197
683858606 2994463673
4192496336 2826128075
4272660762 834528721
777150182 3543721240
3926618128 1573942871
707407991 1339668427
3169182537 359732304
2416080081 1349645493
1893291258 1690290385
1430875806 3299226823
3842954276 2700309349
1116037273 396632962
3567875269 3595918510
3127610118 2450695961
784930141 1276604086
2995030418 2631396311
914199671 2824147900
973166396 3374626404
3421894508 3942698562
779778871 2487680372
3072992209 1269842358
438327371 174426538
3650969375 4050881648
4076660230 3726675126
172708159 685186885
3888345249 61232333
937892610 1638012477
3671062376 2354919163
3860868904 1540491124
2258056173 2691212814
1177912398 4046449903
44913217 4071475526
3755636053 1862299171
1990723679 1326944363
666987067 3083770972
3803494188 293092341
2789836649 4042986272
383462532 1859715077
3047292272 223614289
2984357810 3650408584
2317609893 347147806
666305630 2546360208
2707703586 3584090229
2376792819 4149465595
2612288480 3927002206
507876350 1220016252
2375245263 285826770
4180802521 2742186687
1998011893 435505704
1815463979 4207542356
114654884 3178936897
60709278 4071230056
1940545059 1971415764
2661210256 1031907573
3720687980 598601743
1745981550 2790131514
2077749764 2174517704
4208001634 179537419
3419196233 1172510815
2169025931 294659828
3179236156 2498094256
4059071651 1265874549
2261265704 1212109851
1656137487 943593315
203866506 2431535735
479292183 3406780211
3568108931 3795473721
1721454239 4286733190
319858042 3025577192
2564395537 427187360
1925550362 1360352424
405321913 499361411
3094667926 1351015183
3342200611 1395383607
442846518 332701611
4235814251 721014847
1292389006 1558598343
609880874 335490891
1360020727 2886867670
579086254 2021710906
558288559 2627567939
2055100583 3879383331
1183413141 845684374
3916920312 439668338
171905942 3542494957
1737553889 4002229550
435205476 1786584262
3511567346 3643126184
1987291894 49450977
2038952903 17978615
2618038231 1793070041
2701666322 19320616
2978338322 195705661
3485461920 738487688
4090516837 3802010437
1626571914 1153928658
2484613375 3089406074
3912899646 868201406
3680011677 2496436402
2072176163 848746634
2610852463 2622894905
700199959 682197437
210381076 1858241262
3838519592 3869585669
1764165328 2041341827
2773371862 2835546410
148125888 2939455051
680553058 1799613131
1156738537 1221990801
414476877 1662729744
2083915087 116027009
854987174 1712358865
2212149915 2857439942
1691478215 643716996
2622998978 3078237168
2078809409 2463315389
1548379824 1130889456
2788281051 2553448396
2920125738 1740939353
1832816331 2908422944
3886326570 2628281970
1572200065 590799542
1758505832 2292225588
1605010730 851809734
454813109 572763781
4087134071 4056128158
4065064077 3403547091
2553952269 2833832978
1567000446 693411958
757434434 3387181801
1875685290 1992345187
1959639627 2224680489
1410406144 1654504442
680045399 4288159158
3263629481 1364195096
1710140623 1381360947
2948400277 1807480071
3039345900 3641457979
3912859323 1355034292
2770070052 1826040825
337700997 1996408904
2584658507 2593507636
3080685821 2734921955
4091818674 3646377779
3552288809 1248014077
478964518 3149821505
1448687516 4146272441
1285023854 323081612
2067282203 1795868685
307395353 1821105677
1540310314 3073900616
1109898248 3627597214
2412259925 3270546151
3958881206 1043632218
2874998270 4227662419
2147891824 486196425
3164734927 547908317
1447848008 2710463412
4209783236 396026839
3786439828 1605590690
675194083 1030491932
1717581870 2627733225
462076725 1977643377
1349164967 3274728892
3877763894 3518902965
1052454916 21701102
2703478753 2378409919
2210988691 2534533853
3098425645 3338184479
3079389055 3400670259
383895123 1164276190
2450810222 4238469590
1020416781 2364107107
3339366126 1232416899
3722239803 3750632996
3399949370 1182560201
1262784493 96997931
1724528617 3913834378
2772428367 3828922794
4139537892 1276698745
1157163323 2603849425
1149490043 2796669153
2739089531 21712437
731005531 788713901
2481010197 1697218896
1736763506 2820055529
2241998999 3989788594
4203907908 3227469369
3138540163 2419954206
2551412144 3791988462
3713647063 1036907520
1576413983 98019904
1707324008 1330891237
916791305 1477439298
1917700260 1940905447
1386695488 1992567948
2342315970 3879399319
3192394388 3490798430
1691966142 1221384873
1205788754 2125166848
269718216 3122562812
197600962 2895507960
3919606197 1140453116
3965371783 1576023066
1237971351 3172488280
2304562254 3631017781
551473729 1169749395
2602816368 412947933
2821512871 2331775966
1021584459 1417073222
2333935844 2281372330
4037235665 2900221524
2404235217 1186242560
752665913 4154455178
3786226753 3818502466
2945126002 248214521
1473617517 632738338
3890465152 2667067863
3713525266 156414604
3102095177 1833284935
1494837361 1333810941
3268676457 2602117715
515793141 173662619
1890515663 53194866
797134561 232887035
391394045 626430361
1629979330 926590392
1280043457 487569728
3496391423 3632697612
474069176 4098564922
1304499354 2002370320
3147377763 3168517328
3957356824 1122332462
307450524 1580609792
3170203226 2076522470
2395557377 3752723898
963788172 4241552354
785353369 1054503928
2198775262 3583577791
2995550811 3093340537
866646319 3535097780
1184560071 2532003176
3299087511 397523029
1994863768 4219225019
306822118 3911146343
1231082185 916878
1378906591 846761482
1519494948 3101952975
2472833738 2487060641
280661872 1564721306
2040034152 3453344637
4234492539 2391889258
247842941 298978904
3922569068 685977526
770446112 146811609
3975960314 3951402609
2205683357 3825723907
3399686677 377964953
2627304523 3365891730
3125384221 2462974473
3643413262 2974062659
32079863 1057240178
3777754829 1268023871
992021968 3233416020
3969549618 269588807
2086921081 3894653981
3917336700 923966838
1147368652 126764807
3996995181 1426513391
3211290881 2599136648
1639630316 366123730
361530794 1025601848
1130666389 2398412168
1177984094 484948177
44458486 4130636255
3183668408 3772955385
3277174367 3648901586
1936010211 4110740619
2935688406 2494494303
732911330 2606002204
4072429213 3226799118
798245895 1517948284
2307333356 2385662704
3516415103 2525948357
1110508986 1842506970
3207431623 3671235266
3363563300 773038242
2465243684 2492255110
1293313348 3933455710
610049715 1309182589
4030671635 2082418466
621956730 561428894
2056616122 1803618514
1091043407 3339588818
1007943867 3657649149
878626667 3845425559
1953009217 589294623
1912599754 1878898603
4265377665 1693079280
3766042373 1823180230
1732990237 2463822053
1466810407 2037666407
4093482782 2055223527
1491526600 1050198930
1424761121 1667485789
3619792462 1802389461
56899777 4230249870
903169656 2404068399
2048342070 630675832
672718357 1192190544
434556021 3544167063
1232646757 3858151226
2323853601 781023314
2196944628 4208118560
1233494853 2284201290
748383313 2642242884
3122330719 1476312601
2704766066 3750080060
3190999134 3379591275
299724805 2014184538
3786611876 4214444763
4196991822 2865713517
3365703651 3350605442
2557307637 205148186
4211304576 2215344437
2463782235 374114087
3034201034 2574743115
1571378623 2870529874
3734102676 3568193893
2918944803 4221978288
3133261704 3581583483
3865192393 3265085997
748532312 3091376390
648043425 4166581719
2499404867 1371552679
3635055463 1454884648
2669758260 3596506834
2548708944 67340021
842018658 4235782480
223078504 12654636
3169480588 1099625365
1633587670 2352529354
419771767 1776968046
789460573 1221355776
1048801960 1101672669
2535476031 3083983479
3386706366 3533358446
3315873144 2845784253
4218897861 3194231346
229142561 1990083195
755002796 1601152916
1862760624 884508134
1142077069 2938823267
2300706079 1136791051
3481855729 3636832661
423158785 1233067311
2571911503 3787350713
159858284 3874317331
3804057799 1406923746
1718265007 1680433222
3390993971 3657213933
3161225559 1117374517
3187551646 3966918846
3472005854 3413438197
1739551344 1263437290
2924891089 1983705100
101535453 691675053
921679649 3231138375
2402641701 3933514234
4162703620 3662522574
196897270 3873353575
1134938202 3354419303
1282194018 4223646021
3329005693 501588017
1154122539 149015268
847919087 2791900828
16725698 2821141448
3087959752 1717650065
1894100776 1077247737
29107656 2592100384
2151491843 310383256
3556885466 4028450800
4089433463 3924004856
2321117396 3621714937
4101560805 4284213737
1086227112 1026288144
2238952014 1268406790
3632915658 4115362915
2753907237 2188950018
4248768541 1357038241
1101057738 4101638506
2359179966 3793666320
2613297078 3927710938
173825057 824618984
196580913 2845051669
3685283060 278627118
1563965290 2184579679
904121112 1950069879
16531708 3526277214
1296868500 4231347275
801359729 1088981493
377507234 297729860
651635520 1167386465
3032492835 3197335873
3023241547 1529745170
3226257372 84697951
4004889838 1278719377
3987032265 4135325973
3304623097 3335419127
1515949477 2515856073
4269256908 905763875
1547808218 1229655376
2153134464 4097087851
925845093 1423905834
2581031689 140185134
1561556521 677346995
1519386918 804166465
910449115 3920329538
4155553572 2861689907
1461785611 1881509690
3303426596 705744894
1353640052 4040839789
3057415047 3131426237
74546543 3165045786
391744295 4158483647
1242284613 376927415
451881620 2680118395
3223956826 499213829
3171387478 3011091083
1541679434 1283670948
211762261 1479488703
2599401181 3527093949
2205182927 3557710983
3102932376 1663209581
1310675984 3011263795
860721983 1299084974
1636540418 1857094531
4076995875 4233690579
1827886832 1537263819
182014934 1259595243
373196808 2514391982
1448691721 3225943620
1115351094 3677378403
2341166332 1422064650
983460389 2479404955
1901101 3167444736
906464242 964029313
2889218460 453007798
2121321134 4156293425
3567656528 3851052708
253299080 966075646
819045031 1391173906
3301737741 3168064291
3640969373 197350475
3798499062 3228511807
3226520039 672752275
2815795418 5070790
1451223930 1954194650
1614054154 1186427440
1775437072 2099648418
3930403838 851047992
2426857709 381408851
1673867152 4114422791
316673835 925979588
270837024 571366295
376583996 1284817520
2742813544 2268418018
226522326 3156517858
1940839036 1047327474
1263614150 2600115100
181097077 3081088603
3480407578 3820666608
2905770162 3313403327
3859444960 3456772436
1841839457 1985069895
2690577078 968394042
3796697493 1868023266
3764689391 481318692
989536105 1067599580
261549483 1058310809
3482568150 3131562045
2235503851 3247216886
3945287013 1684798245
1439631512 1833117533
1378961017 2090701899
556367161 2663096057
479039715 2202685429
3347761416 3913932508
206685100 2938463776
513874890 3729126309
3455968045 722916322
1927275264 476924297
2123422032 1183495328
1184543670 2440571332
629658844 2132907460
4290285676 167327385
596648103 1875050674
2026728651 163787703
3742418908 3010709986
1833703894 1269960221
908980074 213139543
1293184130 2886264420
39931447 126855168
2418220802 3453615191
1793243869 3992869942
2059004889 1736623997
561909637 874967363
257400995 986395132
2075473337 1082783924
1952197754 1484027903
848283388 2475394649
2082044131 1778251154
1280735037 3581262914
2583136348 3018600722
745205079 4282813668
2396729709 1286982691
1721775980 20065285
1323046221 1814349812
128254598 2563379817
2343035072 1899040793
3311239730 3097321911
1915660141 1227658591
3993486959 4163050446
1693897977 1378878482
296071595 844277200
3475452221 885268016
192043552 650240415
309595492 2880869140
3789858855 2478961896
3203452074 1606818071
1784309312 1412993534
3245351928 2255337871
3597257813 3605527764
1377391094 4293960651
67884217 3614365375
1448139485 4025414267
1686908798 3058344501
2676286716 178197658
364464340 3153762192
335809515 965138621
592649439 2559465966
1902672440 1889517637
2391209239 268909489
2084536312 991435977
3240388855 4005647771
553812085 2345331164
757647055 2229569669
896925145 915646427
2508965543 2925357351
3595829190 2125452620
2362353657 1677301281
429152917 3900746233
2412028944 53235091
2938046792 3380764920
1519740841 3978809167
619238871 3128677516
1446055092 3152647467
2269389349 572033965
4087856705 1776088533
3133293808 100531660
1245366277 3063003731
1335842699 4280827194
3630988993 2940833747
3745560487 2347231512
3883966290 3453969378
2875976757 217132974
2926870128 2789983716
3683435352 929025176
27146050 3341223018
140219862 1469892671
505720334 51552934
1935940289 1789346317
116169966 1427535015
1498673126 2745078338
246818198 1782223814
1470300968 2755203372
1447496376 3554454611
3298757989 3530104106
1431271383 2263766257
2095350103 1234415338
720808261 2288632575
3333534815 3862720856
2940773795 1620776729
2850644265 761281343
4218113906 683389064
1926260752 549108726
999510253 3319983614
1290210694 205407962
3664318342 1496665784
3907455307 3123153266
3695074690 1681372862
3467638976 409112086
2085337506 1295177594
63677847 2858817508
2326016386 3568129355
3961698662 746273705
1810115216 3219501917
2437862373 3915881464
1055018382 3591263030
427123032 1603980847
3140393924 2310770015
903174149 3536042630
1613148667 2038361122
1394773396 2490185423
2559769242 278753815
2892645897 788517402
1494282431 3548475086
908840126 495948347
1421675526 3722502636
3928116549 835023035
1497632574 4188351452
2769121010 3059411502
3027441355 4210633668
3377623345 3956921767
1503137643 686491149
2813079380 935525778
2745558024 3634375026
490088299 2371546678
765147557 2143779593
243566467 3314755879
3438614384 249712326
918179817 4068406221
3786704854 1993614733
2356044114 1165005444
1643241343 2564313021
3969534721 2176275927
3265961885 2279740651
42322381 3128047101
176212112 159847269
2700032978 2774357436
2735844757 2113923700
1597796958 3697001300
4204271925 126528553
691051320 3993948685
1914611040 3655878433
3106620885 220251529
3957923559 2755186742
621871246 1191055875
3249103340 1842359725
177645230 1376676583
516967483 2292700790
124399695 280931564
2336641307 777488037
1283314037 3714149105
2163144586 66239452
1132992916 1932720381
2374241769 444656649
388428283 2954961284
3678606678 3133931689
1432535650 1228271013
47469941 2010769399
3673827725 2645223179
963189519 1185979328
466344644 2224447797
57640860 2576857931
4180022066 2513065993
2931853700 4028684172
2754729288 2229810210
2619085952 1096097384
4217773395 956545610
1914914656 2235054189
3807660077 1688180770
1360215827 1791707217
128568033 1473118909
1793256890 1617780353
2213683367 498937351
4056318643 3007180390
2478386638 4222982447
328755208 3955284295
12216737 1290072957
2643995 3084929169
1518873958 2937844605
494842300 1769925241
494552621 3882987310
257328186 3682991804
3769379268 954131112
3202034795 933034469
523917934 2746886405
656640876 1163230014
3177980537 492281220
2500758607 434693250
2077323420 3326222960
3142968350 290072130
3335135653 2326856598
1955217756 3047073357
720143603 2008837622
838789562 1611533655
1273232990 888273008
2115510052 3866771122
3482751818 386475811
3018309158 3324912595
2033603627 1288561016
3724863497 691605125
796721699 2268220337
3590516645 4048835919
179285242 2180079730
450056020 418940397
1178535882 3080815616
3226801859 2937969497
1191591816 3617198969
1159595342 3895046869
198147427 3349953449
2308122850 655501171
468307267 775453731
348073138 3665649519
2079592290 3751033715
134020217 36484328
2173247131 360151789
63029625 1190673834
4040828029 4118257108
3026958301 389175321
1044315661 4238023440
1735595974 1801200068
1747867287 2474461347
3478033385 2903243828
2234752328 4293964266
357825228 2261136010
1911836335 3651855797
1451671702 151382987
2670356714 2272919049
2774619549 2490306623
3806398330 732951907
3901780310 1019592784
1688480483 4182765239
3218867449 460918072
2896464222 353322282
3965461616 1858585707
609744150 91411152
4215920184 2001437065
2995631189 4180734788
1267428156 3469099958
749287002 1551444058
4009498097 833831840
3341844268 1130675153
3541343353 156342179
2487907097 2702363846
465277754 565851012
2551447687 3418627949
967851817 3644688777
1867785108 2370400103
1214859619 1042145531
1611128683 3597298149
3233073211 2364585000
3382210391 104424533
3118206655 4081834384
1079507980 3161353856
1325644532 554597007
18010937 2146318181
4008013622 3411560498
720772240 3752759641
617988945 888447247
2685136032 3328389716
1538996821 2546461429
1108863426 459754572
1929897219 3807241960
379852150 1677012159
3854823484 137611763
4115104040 3901638434
759674783 1418359135
1700063208 2534575255
3453716230 409607124
2877880590 1746663534
133294883 3260068896
2413489866 3108277326
1590354737 3362853448
4112781309 110857732
3021250941 2985731320
3812269213 2573293825
3885031015 3230301035
4101126348 64224149
2113044601 1767092386
461462023 1761509767
1397244455 3208502055
3754669894 852571308
2644672236 4106057785
2474925992 3064766057
215137629 2225167219
221948330 775803295
4240336738 56766030
1501086144 1297042202
1253340849 761205758
2309166011 1888853026
3215406161 1859528720
3092449502 1568028281
310018952 2924428076
3546961034 2391201539
1326225485 457614002
3512537806 1110559328
341859032 1254185772
2631243556 3017713480
2814697760 1930982027
689137928 2652426936
2938030767 4275803150
1610970010 1990832953
540587561 987641578
2430983638 3631401197
2092233923 2559550724
1712525781 2101980549
3890657737 2405853541
408364490 1725607983
2788923175 3077046919
1618040579 2903212547
2207883929 2317791293
936442258 58092987
3473060761 3596528377
668088627 2445872428
2820521859 1455120027
1060942665 4225479864
4185459300 1659220884
426826303 1362122029
2519550989 908311439
2009265001 1515411826
3927425583 3261649075
2066917281 3529444873
565402059 1401676606
4210290278 2933180480
4092121514 1749484442
1736462646 3900564719
2911140220 1932252198
4130766653 2797224394
3944865633 1924937384
1965645698 2271850684
351761591 3941419074
4036801049 3805334825
812426697 2531556899
4115348185 912835045
1808110905 3660886772
1019975680 3581462411
696351602 2535838521
1199197361 2252829495
502708907 2618878411
3928480316 3272852737
3043854105 3563970120
4258304807 4155065944
2786241162 302479848
1344169859 2845548091
282087152 605803518
2939807715 1523874188
3102059841 1941213999
222697165 3311457246
1552839100 1385069928
444120747 3818753711
9847495 2403708799
2889330440 1357267136
2961937562 2142854182
3073036438 3441638170
3249209949 3287599164
2081023362 1725185831
4147652137 1748953226
1515520256 4144095817
237485396 913334756
630992860 3151443314
1255642780 275363626
1366031255 854672471
144875148 1508244648
225236771 407079633
257646169 405385826
665894951 193242474
2645908401 3253110050
668213392 660570177
3843049175 633842597
1929354715 1725677532
1994733041 3609085083
3292800977 2376487677
2380357031 1835913086
421158287 1222788869
2124786478 2000348727
1302732917 1149795638
1478476284 1127811555
274250179 1881106774
1090938031 758452756
908984851 1922603175
4119678757 504283657
3043432883 2031753883
1375632369 3367582197
1400687366 2152910212
159612560 2099477898
2396743208 877800033
3634593223 2411090508
3017650738 1633465268
730321013 2341322064
2728736789 1363560086
1198166818 1516090379
2988692155 19662053
2653982789 1987150955
3718819210 2732528853
2594083746 3493681810
2433932676 3113272698
517703602 194683462
3393137885 2044244062
421151601 288197905
2485616862 1238689733
1843169691 1113905468
4089312589 2248122075
4224011271 176731986
237360883 4256986114
626282018 3830675462
3231934889 2570825244
1700991853 1995865970
2779196001 1479656461
1199591887 2826804470
2884697898 1273375865
3129190764 2188021246
730285273 2541458006
99844265 1548705709
3266245409 2340749980
3315446511 3716056179
2465221370 3134375405
531402156 2769307383
4259187807 2567091325
951989010 1202342777
711480 3969832217
2751944805 1463326179
509142167 3867094863
201189855 3680056622
1275774633 2308465605
1601745521 1915482091
2728026194 3751128203
1364359908 2322743233
3047955096 2773604356
3491710454 2904259943
2328785745 3977501257
1830615025 3974006987
2097730043 3925023697
3431335506 4251519281
4027098438 528672516
3209900396 3246912154
4082250674 3236350695
2438670688 2065848193
89021463 902031746
2265069111 1482318183
1165030218 3756607104
2551059920 1303909495
3086153393 3844632509
2916377703 1024974057
1938738403 3227992786
3853732376 2785731367
1919969813 3125361946
3913850755 1974333983
1759246067 394828711
4185584548 1015749869
346870089 3970738585
2167721209 2060992603
302901709 630625842
319789409 3923491827
3747632981 1085794837
3868584723 859506140
2238864704 1257875198
3220488904 988285272
2899473335 787406194
2416005143 1553923206
458889877 2058849624
1503331075 3662425037
568195862 4015035433
4111031825 2393847649
1024974745 258552809
865539547 627799205
3418844441 343932906
282608255 3821548340
3842135764 1090212426
3168317809 1263835648
2739669429 4068083859
611152791 4175568829
459592808 1821432340
1556317882 1837784643
2927727663 1888594542
1205366939 2360288923
1657685868 3919219294
1957140404 4074787493
1861122359 3342483787
2466475967 3060667666
485227061 2282228521
3647771352 3028970759
2353028626 3998884969
4039473693 3276387571
1273740286 3615257566
1934125632 1592833431
417853008 3452466950
4109074443 257540550
3204287658 2320297066
3572662872 488510485
643343584 843425450
3348240051 1969338852
2581325555 912617359
1751459738 316594006
1265951015 2801341574
752984028 1079902403
1009383512 430172161
4043520019 2144208635
1759915932 907988076
2790691819 455833676
3061142464 2207329220
2836292374 2284819450
2856611970 4018115822
1706346142 2476120466
3109167246 2615591671
3681078297 2273050048
560705785 1264636914
1769757699 486741817
621398991 3057586330
3902229351 3901954675
639953825 1970541758
2727089454 2456376114
1540550970 1846944895
2597961033 372313324
441285468 1475429187
1855248132 1985394527
4274615512 2006574761
2909350721 2587761886
343564934 34431262
1191696469 3795568235
731649083 1029995104
607317797 3765548437
1882749933 306602050
3691367994 269416526
3464563262 2011569906
3823568940 3011743639
298640696 1004351521
2612309219 2899918537
17278637 3422307515
441439037 1213142526
4068364939 1213646064
3175116312 3038597991
1770166214 3653437632
1304662250 1966687546
1714805901 3814473830
3175651652 771449399
4087422009 2269971574
1852833086 379369709
1243606792 969996749
1542189534 1652648589
1736489114 1423135910
2170141648 490703509
486992341 3672088508
2748232811 192256538
2319291120 1992019991
915281765 1874598383
3312180682 23388952
3377711643 307893849
2855355054 3895246094
2655210191 4131472141
194674559 1450267077
1460389192 210356631
720806125 406413911
2888567453 3567107276
2020937706 2543131233
3720802841 2023640751
2205249952 604875955
464597045 1667586904
2334229389 1487842686
4274379639 306576959
92130500 1608726175
1728252227 1714081402
174905962 3301451008
1225436868 3089288507
3469526828 2699203040
454471491 2266975116
4048130625 1673546142
2213280848 3731232428
3433147798 4178121274
3261832507 1075039822
2163130091 598448620
2214070412 1183110843
2758709044 3718614186
1942409682 3434226188
3853748883 1121192368
533566476 166238654
1936420040 2874375201
1560342147 2929544270
2267926328 1551021196
3804045159 3716181920
3163125182 2617438779
1025519276 471128231
3780121363 2843333813
321427405 110725983
1268983587 2849013559
4098673908 2137020797
3658602722 242641003
4051287165 637568336
1656369217 2768703396
3538019564 4140471429
927362384 2213794282
1027595503 281707588
1757879841 3779978711
358984429 3046882611
157430652 882467942
3213035726 234636942
3251480237 3691135761
3512187289 2557371245
2832060530 3558596337
784387585 1045994555
3632184133 1889723166
3663655059 248179854
2380814603 3097360543
3183622649 2072481905
1566683576 2153796610
1479959143 3471213149
3337770034 1203666210
202390035 292500965
3488373428 3745340684
2911285042 1803522501
655126452 66781580
3976417702 167663484
3106778423 1105986224
3025125120 329309950
522095143 3475208646
952746980 392919807
273762333 2276427623
1152733504 2244419523
2577161098 2200421208
1803131863 2973500811
3493750182 1518129822
829939211 3386992627
118102071 1555156952
1141047364 4268040128
3532903029 4037615747
36626708 4040197911
2529123194 89744418
2397266434 3867561636
4109844261 1979519499
2257347319 1020113771
585042635 2350282333
1900775817 898144757
2924658995 1003525042
2003816162 842643365
623743477 336757310
1353204231 1418407471
4121613635 3179774330
2210762937 3767451017
1698929770 2763240951
43908774 1365486851
3272439406 3308552663
2698673155 3458617672
213037331 3940464476
1402790782 147883768
3288299607 13484365
3466372235 2387884158
2337269597 3954072540
2442043947 4130024154
2553188944 2513760104
2683624580 2160657117
1434923031 4199917074
2438221816 2995891249
2128135081 1463793482
3527971484 2369798432
2187931729 3074045519
2780881473 1656159154
4147261152 1968256109
3522756038 227343435
4149087222 2890266914
1362646052 2817927843
1204082429 4016731418
1727216159 971356096
2580474451 1811430170
2351949576 581288763
513941636 2547680544
1726240672 1036704709
1341239877 1052102568
477206494 1265852011
3498527077 1592141347
2173929710 3051481031
3338825405 3015476560
2165063029 2089800946
3819884477 220237269
2563513421 3680230891
3639159784 910359105
1489412329 1165172688
2170905160 1046010900
1997978818 916483295
2725312335 283748050
395428290 1361278953
710520805 533397906
3474749081 3068821503
2702940866 1746121601
427963780 385668359
851678517 2507745152
1997904268 978157649
3671739051 3554124373
2913291964 1868985512
3193480538 1528869381
241827211 1627526768
508021445 2256834210
3507563329 2835687294
2765834279 1227103523
1252466010 3804512473
3114888319 3558217696
4273955944 3437516509
2898956888 273257838
1115639502 1026260430
2281413184 1282886533
2444661335 267826105
630594219 1681772902
4007748039 3745705768
2822988063 977871802
2549348485 3048414772
311393826 3094381205
1152876640 608243192
585290637 193840092
707624345 585414012
2448612592 2563937617
716792391 2492169500
93347822 1359053726
118194640 1360259374
821658648 3913677440
1450434217 32145777
643503419 3034312649
4232533524 3028443503
71761494 3106083763
1373973417 538253100
4290563611 3314399258
1601885140 816523296
2199638018 3501489277
969451954 3743429992
1248596560 868970254
2607424114 432709201
3856139203 1071818237
2325982013 2158425945
4272215381 436756511
2107670689 1853932630
3405523989 1114299558
