30481 45988
57230 7363
44770 22917
64517 9677
51751 62466
7774 28368
58145 21162
15819 62750
44072 47428
45874 56214
15260 46137
64780 63940
16301 9827
61153 22519
50316 31900
64581 55000
20162 47235
47181 44711
32179 29354
47309 39337
29848 44432
47504 40650
31244 20137
4321 22011
17450 33033
19498 6525
47186 11171
39279 30698
30197 8009
50253 2423
57090 21141
60085 63614
39846 11779
33510 50918
49773 41915
24852 49227
43335 33099
36646 13926
35677 52350
46388 26565
47573 11444
24314 43226
47812 37431
57327 59432
9538 12595
45560 886
10878 19632
45593 52985
21306 41917
11020 43121
46930 36196
57026 25533
28480 48950
47454 59257
12130 6365
40317 7408
52551 48851
53427 8332
55279 32108
6015 37140
25418 25142
10870 27530
19118 17989
331 20177
57101 65010
55224 42156
37040 41674
57520 16546
11798 17690
44315 55681
38114 50942
34991 48964
21115 8428
5802 7270
10152 11990
16661 20593
14672 15597
60652 13081
29059 46543
46592 52925
27705 36543
35663 3854
23224 27502
64525 19869
30869 14409
25123 29667
35209 10231
60759 14151
33331 58725
64192 8460
17791 41793
17388 54766
34709 753
8797 63174
37992 3590
63927 49665
57267 61820
45681 4403
38306 9288
10828 12646
57701 20795
8672 11838
55792 26765
19520 59302
60197 516
42994 32399
50665 46372
27504 11030
38801 38148
33451 44034
4444 10563
59942 42387
9128 58511
31113 24336
59954 23471
25318 30218
51569 27816
9795 36946
29056 9666
10267 46721
17879 25871
44916 18759
47549 30059
62501 14018
15063 50009
64764 11668
22536 35220
47267 19593
34702 2822
19687 60961
29177 38676
11276 20397
43386 20697
9179 62380
28552 16437
22226 39641
8764 21736
29132 3861
51556 21034
33730 54829
16473 34249
16872 4286
20143 57482
18829 13363
27047 46844
52064 38687
50501 29028
36176 33529
10763 30127
16432 61755
34202 1870
21749 57114
62498 35852
43427 24940
25908 30125
23361 1569
34239 63502
58382 39197
44707 8731
56538 8218
43349 63360
62675 51344
29532 30416
35891 53043
25587 12916
46751 37788
64633 47834
24254 31763
58338 13279
55935 63602
43289 17002
17649 24324
12653 56726
64073 59595
14509 40012
24480 36078
58011 42879
4023 3219
13590 12889
15239 32674
49810 7011
38571 10968
33366 57006
39366 59057
18444 10787
9768 50959
4058 47930
5039 43623
43255 37716
11499 28817
25934 61309
20799 24548
47862 11760
63734 51583
57029 59541
64792 39202
8773 24521
50684 61117
38624 64191
52769 31822
98 14928
12796 2692
36891 7286
20918 44899
5499 39875
65185 43651
16709 10840
56348 57256
45669 43842
12052 13062
19725 33163
64421 22574
35790 47468
63982 65353
29711 52181
57632 15530
55132 56616
8076 15471
6315 32263
8007 60109
65134 53846
52121 8577
5069 20946
64520 3226
7554 55249
9982 41533
35545 31756
23717 38638
36085 25094
39025 31447
27586 28733
3514 23577
48839 14254
28021 64484
38161 7604
2544 29989
15223 65518
46347 64729
35384 14878
29388 48853
56879 5611
3065 58033
52272 33652
25356 49402
33553 24895
9634 41431
47768 36288
64728 61130
54542 39108
9605 27645
44583 40045
25549 33542
30993 45714
37187 22423
41542 50489
49529 18769
64777 49941
31022 57290
57219 49141
51479 63887
49397 6327
11750 21266
13526 60437
51057 46586
30225 45160
52603 5257
31124 6462
52625 17756
36879 60320
13349 55536
64655 56355
26422 21325
45848 32333
777 30468
28831 51797
57742 32592
48113 44301
27447 9126
63564 29681
38788 4988
36622 27405
5557 59396
56932 57787
26355 61906
46490 61233
8512 22112
40872 14473
61905 7117
4485 3307
20251 64018
12479 42835
448 16998
40905 42375
53983 30100
40233 15719
55905 1578
43659 25454
26963 21207
50924 63783
12811 23307
58168 17066
47824 36719
10593 46699
12796 36515
13256 33889
30642 54695
47818 53958
45249 2224
44296 39285
8193 33057
51653 52766
39488 36398
65250 60753
13050 57380
13318 40126
62031 55441
23620 53293
15893 35554
63456 45908
55426 9789
2299 33727
34717 1145
50547 58791
22842 60183
25206 57201
49734 12133
62173 60034
56847 10755
42080 8860
723 47403
20261 14939
16387 21397
10947 12637
36111 38579
27855 19640
19140 26797
32785 55792
55938 61430
55491 42937
21498 63729
46315 28903
25275 32297
20922 14368
19466 45745
47388 55405
1667 20342
25018 61019
21353 60781
38096 11765
33201 40173
7221 38999
52510 28278
27759 16558
60373 28519
37844 54574
34637 20617
36415 33960
47553 19651
47637 62163
29184 57520
1295 22438
20263 26516
21738 30040
54854 21993
15697 5988
19270 41015
16031 12912
48712 35992
9943 60132
5387 45039
65432 53614
15055 48641
45704 53838
13442 55141
64373 19668
58380 63080
1093 584
25630 37863
46851 20272
50366 55039
16790 61716
12383 60679
65168 37500
33330 57598
15738 64422
6764 54240
48590 8932
44336 47298
33865 34676
32661 60658
1857 62717
12180 63966
40844 31525
21112 19112
48649 48471
47426 26605
34184 50390
51732 32582
2554 4571
17333 12096
9915 51261
53288 15618
30141 6630
16396 14661
53649 54712
28317 46782
35374 11685
18852 63049
63822 53382
8653 58830
10444 33860
58597 22750
32202 119
59399 17366
35036 59855
40568 4759
43070 42923
52901 60014
37269 47849
25850 8046
63833 5542
25235 18393
59961 23718
64268 27810
21483 63532
37670 46225
50227 3666
19532 34830
57419 18147
15401 63378
39457 36910
17565 15974
46651 20541
57434 15894
17401 58624
32206 29099
10754 6049
54620 15066
56414 50125
20165 60429
21703 34217
60306 22364
25388 62671
2236 18063
14552 51687
57371 36850
31362 56363
42396 61989
39352 1280
59236 30542
36357 18751
30194 22345
61238 15950
17704 35676
36728 62410
17707 64827
2045 3872
12469 20761
64780 52937
1725 64911
35612 64956
29370 57193
6376 38117
11389 17730
1834 49448
37260 56634
55519 34888
23195 37721
43809 30323
28272 20927
58484 51485
24270 30930
38539 56166
6094 9205
33121 19933
52107 22740
60183 29158
60803 60145
35162 15619
5454 48998
48535 34181
51491 35705
56712 57740
56355 62994
30597 27931
58329 18120
44955 47717
20936 30947
14480 30181
26959 58890
25054 48699
55050 37611
51840 57560
17718 52822
6508 48329
2443 21678
62636 13017
29458 38178
31677 11975
11946 10734
36496 47620
52215 3501
37348 53508
21449 15660
37327 45605
13994 34479
64170 20963
25625 56152
34568 48777
51236 33834
18588 27809
49824 43960
19009 405
3474 8622
17878 17354
63628 55385
36449 40686
40127 38298
22071 57772
57666 51111
26246 40256
1755 57581
12748 44111
59588 48425
21292 44833
60709 16938
31919 61806
46651 2036
47051 8748
20703 48247
37908 15153
8345 51140
40045 5260
62462 43600
14404 41157
38342 46489
39369 21380
47672 5820
9166 60040
50481 2337
63594 9653
53526 62768
16949 33061
12785 37382
4261 56551
63275 29671
47147 1869
20250 27035
25237 3199
14221 25096
25993 4559
37853 25399
57281 37338
28003 15684
61887 28160
58971 39118
14429 24693
58671 25708
31542 11182
2669 28044
22584 46445
50289 16697
6567 65336
6688 7059
62733 44090
48489 57194
20213 5646
5688 21122
43016 39613
5651 64719
23195 26597
56524 55461
6622 17157
36406 26929
55431 9730
31441 32786
8698 63693
24697 11952
62952 65016
7974 62753
42048 52168
21250 18286
43800 45149
50053 27671
64808 4886
3354 64054
26222 53049
15750 42744
36328 6439
17976 27091
35945 24888
36945 6513
1313 65508
49866 62521
165 36818
54109 40540
24366 34329
61546 53515
45375 54760
53897 49992
16788 64231
13193 9825
5316 64964
55849 61837
44241 36479
4493 51569
36809 47074
23372 63507
32036 12741
53550 62181
13000 46835
48300 11373
55471 60554
18234 862
11135 62489
16509 61202
5643 36703
61678 1109
62147 64388
18398 53128
26584 15967
45674 32976
29591 21535
8432 6488
61958 15113
1042 11821
23675 25858
25234 28079
35506 10516
8583 13081
32069 30634
11796 63277
3438 40079
25734 14815
9697 46359
33030 64002
58741 65148
65230 53879
8402 1387
65487 9579
52728 53414
38680 22310
41663 36422
15200 50527
58691 18537
23378 52334
23982 23784
46916 11864
30728 59617
31714 63545
14626 43997
1214 30035
15280 57296
12823 27958
39614 20112
4229 26761
59662 2218
12132 52846
57614 11202
23513 58617
34977 31919
4863 2846
6997 50108
52756 20596
52272 23363
21209 8198
19207 17389
23556 10574
5085 60392
20002 37696
3886 6897
37805 25227
64831 35906
35643 37593
57326 38389
11470 58129
20664 29555
51283 40761
17279 16457
28969 226
16844 54393
7283 15341
35131 48667
1729 31066
38115 2020
11917 36208
42545 23502
64378 49397
51465 26805
5654 42674
25619 35924
20853 32593
41268 60210
361 42746
11031 53665
12532 23347
48328 62711
29348 40142
57716 45416
60176 25318
60551 46466
56776 49760
39762 14423
11407 27799
17183 45674
58752 56280
63446 50525
6668 12443
36057 61196
12699 50773
11070 11321
4803 629
15193 34780
59442 13707
52688 60265
10127 14813
62372 22431
61724 51142
60262 38282
47376 1420
46120 64852
58809 52433
11256 58453
59156 45600
577 56449
17134 40926
3215 8021
16222 34132
50495 16608
62152 894
12073 47703
362 28337
10296 29680
10251 45685
25060 595
30045 20370
30305 4358
45656 14703
49827 14535
35561 3248
50015 36217
14061 50558
15707 13426
50644 31666
7396 1755
2617 27745
37851 15726
30356 51546
6324 55919
37666 34294
30242 9561
50659 9427
22296 56582
3708 55107
35154 22735
11940 26284
19026 58418
7420 20647
6309 38405
20404 23580
22315 44591
52655 63337
13444 2209
44747 6907
51289 8787
45355 12997
45657 6322
49897 27862
63560 61610
33136 11269
43783 60192
15370 19537
59826 45458
44481 3124
34278 58159
34511 3039
63853 55124
14689 61220
25424 45033
30915 47013
48144 42391
5699 2413
30107 9861
29648 50704
52879 942
24731 49078
56591 57681
61382 50288
33895 31470
28625 62333
33593 55909
380 34990
37947 12770
26332 16387
1275 19520
42722 32094
35065 42820
53972 12454
29689 61026
42323 49949
18346 24814
64638 11845
10639 43647
48553 30863
7777 34779
24476 37032
8720 52039
50570 37896
43440 9412
4555 62817
14519 36197
6454 5531
62486 58719
5084 31182
56106 28980
64691 1797
58441 26084
53036 44281
37068 65336
47522 35584
55547 2329
63737 32399
31912 11426
23113 14480
38365 24839
39905 55349
40211 47397
54839 26078
13529 42013
7766 32475
31584 56831
60610 65091
55751 58195
14695 44496
40848 35579
47069 26135
3018 34038
63723 2112
51119 22306
35756 24544
11367 10217
52797 31928
39976 4379
39694 44158
43030 27258
3798 58428
51141 19629
2095 37092
57134 48762
65515 22910
50614 31231
33254 34124
35011 8230
20785 64876
6530 22955
3200 65318
60040 3706
63814 53633
22873 7118
42799 39799
19 19527
35161 54312
24891 51413
18859 45866
34518 16273
37946 9863
9989 59861
54894 59787
5321 49597
12898 58109
30669 3195
55178 7877
29009 43697
3902 9016
15752 386
38209 27794
4497 4966
18085 53045
57093 26956
6984 57534
46762 6124
38311 58682
21217 18381
5370 46557
37378 53781
42042 65330
13382 40536
41317 10682
38621 64306
15109 47819
19384 59355
51846 30017
6357 57344
61995 9552
44311 45265
35056 24503
10562 59971
43869 27316
27114 45940
38588 7953
7375 38507
29095 50348
51099 41079
3149 26879
31352 46811
63412 62808
24101 42899
48450 22961
54840 30428
9155 28353
53623 22710
20317 53518
20013 11198
21871 4203
54474 45245
54067 19408
6664 48763
27077 21014
62525 43604
36281 63812
14534 12859
2172 34066
20436 16487
17607 497
31940 49431
45382 40295
37196 5416
5058 36905
33200 22851
51277 61245
32870 22253
47051 41446
43722 53737
17658 17053
41204 20570
17023 52023
39827 11200
30558 9132
4890 48550
23710 11878
35586 57450
44810 55707
137 29205
40021 39721
60930 10059
20508 55286
25349 47939
43177 31860
8626 22096
36068 14581
64015 34564
40988 16783
33666 44451
13440 53941
10184 16528
37349 2831
31291 36427
1291 44978
6615 21528
34938 19278
33168 43934
27101 41390
30261 19208
18832 29819
1199 62657
33482 42656
61722 17467
57731 38444
9481 29914
38044 14399
51343 16505
54394 2610
31573 9595
3781 33780
26427 39439
27268 25588
37619 42350
5480 55939
51220 64450
49943 41531
50035 55074
37432 25325
46694 11051
53041 65507
38505 46996
15533 60422
40371 47024
42942 64004
17720 24008
34228 38856
21769 7862
58394 15793
28633 35403
28466 65079
40812 18991
46823 1227
8087 47362
28085 43998
62180 44358
41996 64612
39 42371
4722 27893
62095 18483
18541 54926
6056 19517
60339 3269
182 44582
32644 63921
61440 1496
61795 26590
2233 45079
47115 53740
36498 56865
52142 62480
32405 29200
19388 57636
8997 4767
19633 16027
15930 33642
45942 33869
40748 11852
793 24155
32906 19462
29329 14213
32385 47176
10355 50102
58423 55313
51550 1929
31658 39315
63951 26976
29401 10456
22643 11587
50944 61690
44572 26270
47203 46794
26156 56468
22302 5484
60786 7455
28351 64809
48536 34440
30546 57677
28853 44370
38077 26655
37369 26837
57893 35219
26483 43416
22088 52699
55869 51494
51998 63361
56197 37336
17310 14363
56401 12750
1312 53002
54503 35302
8472 15996
61205 35941
60584 34983
11238 39878
12364 1478
20901 29240
36772 1554
17772 5090
29044 48575
43682 51905
29793 12759
4411 64110
28946 56879
23730 44156
63322 806
14249 12925
65114 43330
9155 61172
38432 1322
29423 6759
5540 57353
14418 36335
28624 46788
17086 3940
37452 46301
51875 59409
22029 15369
11094 22761
11847 129
6336 59095
25195 20247
48572 22542
54580 61516
4690 43876
46627 63182
38289 3230
34852 4356
22188 18793
60568 47197
24203 45544
42307 52638
24245 23791
47130 43542
46537 4521
48243 9655
30305 62487
33338 38692
30039 22756
58887 20203
58891 1742
46146 58690
14889 11857
44388 62625
38955 27079
58075 62044
41914 55494
64269 42094
47065 53868
47188 3532
18507 10439
56640 45795
44686 26007
19909 58492
1353 21422
37911 46955
25367 38227
36553 12016
50460 50054
22823 59946
26103 44434
34245 21706
31661 64900
17139 44719
35983 276
13785 36127
3859 41297
9124 32438
57961 21958
34551 58802
9236 42569
10351 9783
47032 31619
13760 34019
47039 10027
20884 33231
33529 50531
49451 54410
38339 15422
24095 5520
2301 6487
43463 24865
22371 37019
11179 51956
2401 34899
32454 62842
25370 62131
52679 4445
30187 60473
45041 51833
45735 7146
2400 19221
16966 36705
46341 22452
8859 6101
53643 24361
41170 65079
28061 28173
4838 22584
5206 39801
5532 51980
55844 64291
4189 45887
10164 12171
5140 15474
14644 16444
51726 12925
25956 8967
4421 2713
50306 50312
34037 23525
59498 62815
50870 16073
32209 11586
64178 29524
43677 30060
35536 32279
35830 60192
45247 40188
50568 42023
52694 33122
53452 5036
48561 5
23999 8045
24309 2473
57458 43637
12370 2671
31688 27402
14671 51680
10330 29722
59320 17389
682 28114
15538 20256
29759 17945
39557 55962
4417 50348
22362 46217
29893 14578
41803 23867
29971 45989
24500 13999
3258 5503
32044 48272
24960 34907
53214 31413
33023 56399
20603 29307
63068 51015
27483 43172
39626 3349
4099 61948
42225 60034
60395 45196
43399 59982
32371 5156
13488 30540
14116 12383
11113 61607
20494 22692
20966 52473
30254 8749
42809 43172
11601 46028
52088 18528
59692 12329
57134 22717
10115 8886
54869 11169
2188 22563
51226 31580
62695 10353
43031 56430
6651 12930
37668 24486
49629 29703
48673 64257
48768 25085
50346 43382
31490 34883
2291 63705
8752 53551
11756 38061
45489 33129
59241 14708
61020 27025
56615 15751
19036 49899
8024 43344
10003 59365
7629 60310
2832 10567
62010 41108
44865 4161
4713 40346
4929 30918
54565 6088
60467 16087
2500 40778
30183 49803
46417 34261
54450 18371
62863 59274
16331 5277
7880 61601
3956 40052
49972 44273
5968 49222
29129 22264
1810 41559
36766 42066
15587 25938
54830 42086
7305 62791
47190 41290
9364 56024
5120 61072
24888 32322
47499 47172
63575 17309
19803 45281
29424 41166
4923 6856
17570 28059
1830 44622
11695 37654
6061 49439
29854 31351
8038 64444
63676 57857
52138 7436
36400 2214
49044 63713
20576 4263
203 9149
1506 31937
5532 24855
62806 36206
13155 30106
20307 27675
51005 2667
60353 39666
60685 29090
30901 40215
11107 22539
18336 40364
24491 20174
34029 38408
5710 42198
1102 50615
12779 64440
20094 31792
41277 14649
14104 3234
9840 43206
49227 44862
6112 31552
32333 26128
56505 16393
9362 59136
53026 6119
34302 52526
62060 18336
13351 2804
31974 15478
11232 16914
18583 16690
28790 42527
6526 57091
19130 39656
34754 27639
43378 55168
6409 51501
13742 31146
24146 49571
20175 38804
17453 38044
32487 31336
8024 33248
48076 5291
10650 2283
38406 31772
25535 6711
54409 40015
34661 45518
28263 26929
58069 29632
7816 12667
64115 59508
30698 63673
59964 49068
10517 27611
63780 57676
37614 55722
41684 7858
25299 2707
29883 63708
10358 32489
6386 4605
5754 45578
17238 31178
5389 29507
40053 62796
55542 14889
9370 55434
29072 37377
44730 46106
62053 57351
57726 50922
37561 31995
56218 64366
38973 45371
55122 58903
55194 41945
35595 29788
47722 52356
12952 45501
25793 25368
13444 12509
41688 39635
48990 13621
35416 62157
52780 460
21951 61786
24048 65179
19643 13127
5657 47567
46862 40890
30195 2107
7803 13639
21077 55998
50465 27923
45069 52763
64872 1731
27797 29982
27731 9461
5348 18184
42997 55993
42766 28312
16220 11837
58128 17963
7371 35637
33729 45780
38718 19586
22617 34406
46473 61478
47354 50488
35711 16411
33522 21895
63112 60198
4824 766
32781 31110
59957 56779
32545 23536
18587 14044
63377 7137
43168 11844
2738 20485
26863 12732
2926 64389
25493 31021
62208 57889
45422 46483
15908 44175
58624 59689
38757 19763
10994 52796
1025 57303
13638 21199
22138 8481
42483 37790
43283 49230
45010 31985
51547 45645
37683 26190
29555 407
37050 56809
19998 20359
35865 21352
529 23864
61139 197
33658 34860
10921 54815
11668 46071
11163 48921
25554 25915
29772 54931
61044 51595
19636 4575
12482 4167
62278 64300
31239 46535
22839 55040
13339 14289
41471 18803
6697 62099
4196 5734
15833 40373
58933 62027
28148 33184
36827 57963
24336 24844
12437 10199
37075 40264
24061 7348
923 27268
60429 13580
47450 44723
40366 40976
25745 48460
27925 34529
21760 49062
35612 8768
27661 59052
58474 36430
3636 30202
21342 64238
10217 17799
13182 927
60768 60614
6998 644
8483 54221
35454 40385
50548 49957
56283 64239
27051 63776
17893 21882
56188 2840
42966 20503
9952 34965
36020 7952
49607 41165
24144 34182
18283 30387
53939 6990
47909 11586
29274 9152
36380 16037
63587 472
37740 36328
7785 10315
65391 10418
64335 32198
6329 32294
53336 1538
32324 21845
2177 30311
65124 7248
49284 7851
53629 51998
60134 21179
59411 16275
6884 18306
8192 27375
17195 8243
55237 46559
7380 43990
26153 30629
19413 34218
29201 20249
53214 36215
30345 10435
57059 11658
6470 7825
65122 22061
64676 8332
59877 2600
48077 28157
15357 2454
20765 57196
17817 1624
46643 4596
34115 48133
5492 29799
28865 56147
15444 15806
18219 44485
58308 9945
42683 37325
5418 64045
24424 45798
38824 28153
17418 32605
30356 27267
29311 35712
48358 26911
5762 13373
55873 63308
22046 29500
13516 18679
55733 48547
21075 46538
38894 47825
5949 50931
44870 37918
32290 18163
27956 50422
62181 64066
32162 49904
56876 58978
59899 37928
53901 19105
31037 44165
44703 59450
37279 31332
54035 11261
52007 43603
52997 27539
21179 984
2138 62532
33601 13710
28137 5635
9293 46636
30644 4797
36539 1534
37241 17645
13839 54472
45755 47202
6296 3151
58779 39260
54051 62879
16664 20725
17888 39980
19070 45959
64891 49296
37960 21384
157 11848
24779 20418
19938 51282
32644 7625
27418 12426
18791 10244
44756 12747
61226 32213
51766 39958
8576 54159
13928 51750
8423 47022
61478 54014
1177 36242
20290 15156
33911 58495
23555 30091
4430 3609
43063 62403
8869 25327
38937 56577
24251 15740
2473 24294
21086 39706
12657 24069
57273 54667
11942 18919
6169 37781
61259 39590
23142 13667
49915 37507
25560 23210
5488 62300
58835 35362
59711 29332
34154 8814
53674 5224
56879 9346
19149 2685
28563 24350
8382 11995
42700 37208
15187 35366
35948 52326
10964 24348
1283 47025
64264 40125
47732 18427
8805 11163
19665 41653
44735 56241
50304 55008
43934 63115
47854 244
36248 11497
37292 27409
53942 42133
28711 23590
64238 29012
58440 48252
11386 35791
10714 40494
48647 45988
59888 32922
36933 2873
11652 61798
34795 4734
55863 2187
30948 60742
45659 56771
5832 41348
10251 45366
59568 4224
43627 39269
26623 54853
16048 61950
16961 30970
47623 9194
54862 27680
49209 63866
53080 28823
55183 48436
2630 5524
49555 47729
8934 16946
51613 16626
49907 56279
52732 8767
45922 18236
23056 14868
34806 42857
41617 53040
17568 3186
59853 12920
28301 47902
36737 25967
54683 46232
34805 10319
34644 38188
42410 15207
6705 6906
27329 13250
3405 47150
11572 18445
11002 49606
22513 52079
47765 9640
14690 8587
50683 29323
57190 9535
54479 63851
46939 54355
27472 4794
43862 25200
383 29599
12176 7710
34269 26270
65210 37694
9455 41137
24243 53133
27708 28334
9514 12316
44474 30453
39528 18405
51875 28287
43929 40649
12892 873
35521 55447
27007 28266
48657 400
21996 6026
4923 19301
51490 19740
5918 6009
23361 35474
42293 45502
55317 48035
46244 17548
33018 30416
22937 33984
17235 16019
40696 56864
37905 43432
11186 44031
59490 42326
59416 45235
29194 13757
53140 19995
29910 4723
36124 30529
33995 40365
17462 39998
4 60565
40557 56591
56745 50389
15928 56723
44350 26004
22939 182
37694 33586
63343 37089
13160 58845
9952 33632
53735 58517
62631 20561
42005 39948
45511 44295
63900 23190
10624 36856
35292 55682
32037 307
56410 20185
53254 9565
43442 46031
28123 54996
63594 24590
31005 52498
65150 48780
61546 63223
20525 20511
8192 15042
2029 57033
38764 34968
33474 57549
37755 9502
56536 44885
55261 61159
60470 64588
10632 43530
23923 7326
17077 29810
44052 20848
15465 18635
14310 24622
22253 53742
47798 35703
41261 35613
7526 35630
4552 51874
28711 24201
5752 20109
22848 29403
26100 9170
15167 58155
38034 39045
16182 34096
22337 7027
28482 37295
10851 55355
46655 44318
16546 9287
34122 16606
25528 65224
22400 50399
15852 40769
28950 60888
41484 34566
31860 62693
14835 13500
4831 27849
49711 20102
54948 7024
15669 48647
54710 56975
9360 2101
33459 32468
44836 36521
22665 56275
57303 11664
12508 10129
62587 16765
47865 5439
33213 64726
63819 13591
50504 51222
57263 25886
27599 17236
8983 24434
37429 26273
36340 62591
51411 46773
57011 52395
44469 42336
46334 52920
44676 40829
8928 18008
9241 28017
44970 12310
41871 33277
55110 16958
20183 24497
39193 41309
51677 21039
3204 59517
35005 6480
59626 22381
31125 2521
65509 26305
726 54704
47387 63808
27091 39063
29670 22770
56691 10601
51236 53275
12086 45378
40818 18068
39052 26368
3480 22904
34883 19146
54010 33730
60398 56321
32141 52987
38216 57863
41775 65440
38595 2223
50450 14655
25446 28394
19279 55593
28247 38898
22261 2154
58770 30909
42924 58680
14602 62409
11588 58848
59220 34701
47710 37746
9590 32848
47237 36917
59889 37248
63579 22182
24709 13906
64062 33234
27408 3991
32239 54841
48414 45363
48455 42411
33650 25179
11953 2434
61121 23962
21435 48077
17897 6343
44761 61753
37760 6792
43698 40137
23346 43244
48327 57146
45663 32061
54330 14163
49151 34529
18464 22001
22602 65112
58076 40681
48460 49709
13304 18949
19913 36991
2004 27348
22829 50242
46255 58734
59396 26726
23195 50436
25454 58319
61755 65329
30674 33556
60629 31199
20509 32172
50381 4092
61323 14401
17779 49741
63776 44477
62071 65461
6332 40727
24687 7234
39441 8478
34958 16123
8962 19979
49674 39511
31230 59918
26234 59614
46601 53058
2516 63820
19692 20021
35210 40043
33353 9592
7379 46032
27728 11395
29646 27656
43059 39412
53730 34823
38916 53904
28178 13680
40358 33286
57177 56914
50533 60231
44282 61428
54549 2893
42570 32333
57641 38200
21013 32899
47382 14250
2090 15619
58850 24618
4267 5499
22281 1246
2129 58336
61216 35311
35553 51308
43913 14258
6089 43697
48588 10860
44236 46576
182 38201
42397 22728
35919 6730
43067 60930
49140 30262
31561 49587
63619 10065
61122 5769
63095 53040
22606 55856
47529 33382
42067 3847
31811 63506
6221 21908
5499 38056
13830 32942
19031 59834
48260 3488
31435 56888
11777 2677
60552 52885
16557 42327
59825 40326
11523 23747
24761 51502
59104 64773
19889 53815
4759 61921
61442 6377
32639 54186
41319 44648
40949 17092
31381 44949
7150 29576
25149 35607
19020 33413
34397 412
34250 32942
32241 49041
53646 62494
39481 55974
13757 17071
54599 55332
